$ANSIBLE_VAULT;1.1;AES256
30346531376235633838636332653965643763303365336630363030303835613834613633376264
6165356261323561313337343430383938303237383432310a353135383764316136366265333865
30643961613666663033613062626564366530316562363839623936333636663066616234366438
3233613064376338340a396135636363616135306531373633356535333466383934396530663435
62636261343463336535643436386565663438623262613861323966323230356537303635646331
63373537306630316663373962343532636565613466323663306331326261383961303365326231
34323562373765376532623462643661333739366563323161333235613964326237366232373534
62353236666431326130663062343331626163356161306663616364303465366665323636373364
33393732373631353538623233613335343238353539353238616537656662316363663364323762
35386132353731333833616534663438353630656265616534313139306539363738623934636139
31653631343535326435313163656565313864326666346634613565626361356331646436333133
34613566613366303766343739343765393464623737316435663563376462393534323136393831
64353134336331336135336666353935623237333766333063613839366664323362313633646463
39383935346431316565323634323763643966343437303539643035373966363135656132633532
66633733343831336631666230646231373361383830313430333731613863383833313833323739
62356231613765373931633338316665353161373636353130366631396166303263363739316338
34613734333138356230353338386462636337613633313339616235346163346234326232343335
38313164393364656161306163323137616639623839376234323039303239303730636139333534
31633737363165373635653738336636383932336665323865373136636561316536623463623536
31653465666333343235303264663261623161356333346664646539316134313163343033316137
34633765613364623637373032376435343161666265346661346362306535313333303939663065
38656162393863313865353464656434336336613636623764613962656433333836306239646535
65666434623933353732636664313865343836356134336431393533663031613435303565383065
35633032316439646432316262383265353734356665316333633763353838393739613639396363
37653335633931386534613162303465346137663539313930616132373266663763613931373063
65333637363962333866646561303162396130633861343839663764303037303834633431373932
30663834666236396263636636366338346135303837626464356363363230643133356564653636
32393634373833333731396630373331336135306233343062326431366338346464333434643538
62346437653139616161363139346239346531626534626265313466396633346133353963646464
66393637323465306439616435666561396439366366653635613738383837363431613064626665
31373965366536636466363662626233633262663633633238623938353732343939646564623762
36326166663630653739363439373632303362393164303261356136373030623064346366373462
37343739623964623137643633386366373331663236363463666539396234316437333431613537
35643633366162633736646561376463383132346138336538626338383138643531646234343133
63643339656666333136613234656535626137306136383632383266376538323865396337653231
38343165396438373765346261346533393433363564333934653139313461613837386264343132
65656439366433303536653366613761626466646139623061303963336434393161646633336363
33333037313835643338666537353661373339373164636463646134306335616566616364323964
64656531393066646230326339366266653435386634343162383035666338653836356538383036
38623636653931616533383438316436346566623161323961396264343161363062383932653634
34643563323965616538343736333035663439653562363534353865633562623036303335313931
35613634623030386435633736373335613632643630636162313263643735333864373634383664
34633564363436363230326265366339356565363764346432386136623239323834623864356532
39633663396135356132306430393664326536356233313732366136326134356637613332376635
31393431303639353766343863666563316136306336303864333035613766376636313864376264
37333939323534326265303836316164616131306463656234356339376635646164633131373965
33313836643931393165626363323764373633376632656262353135306366643366343136376361
66386431653935323038396663643630343438636537623563613863613731373561663930376530
34303664383165626361386361666666313632313234303165336336643862373535356666323763
32633536623337373164316638383333353036663737613265306462366264643530303134313733
31316430363832326338353938306539616365653964636632663236633333376262333634333463
62313935373235346537666464333939363761633630303661336432383439613761303963653635
66393335366665303435626461656432363132636664333336386132363862623561343766396231
33303261633065313331623863376132663366303363393566363166366664363535653031333433
37303633633039646535336232353938636434383962383730626132613361613135353235333165
62343239303230626465636436363234653266336131343561633764303636396434663336383338
37643434353235653031393963333033653831633239633963303035653235643464316432613462
33656461393236373337633638326637633364363832326663316530326363353930633537323961
64636563653662326565616337636134303536643162336139313731303530663766356665623765
34343338356434633836663835346266663337313361656534616138663432613365616133353830
65346336626266333166616333313863363637303964366535326165663861313335656433623765
65313864306163643866643236383861303731656661323031323163353031643035383237643539
66323833313962643939326232333265326339616233306263643832323338376630386638363666
65383964623332656239336130666665373532323433613965393730623637303335653064386437
62623834633666633264333031326637653635323538393465623431633536646631393833306535
35326638386638373034653266616438613337396261353838396135656534306135396362396663
65623861396463373564323733353863616438323533316230313332646138393564653632623336
63653463623963653038373864323437313332306330303937373466633231613533626536356134
30313536653535666537316638633834613465346438353736643639623162636538363030343135
32643763613266643764363963353162633531613062623964653965313231643339343561366133
61663035326532373230333666643564303137373861323764306235303331343962316262613738
31663539366362313437653531373663366235656161326638663330313664666638633735366132
38323838363436343834393730306563393030373234626431313966653036663334316562333061
62313539393133656566613037383464333531326661643135356165663032396335663630666164
35333234373131363436653863616361336337663635633935623461363862373039343437383063
65396634333032316438653237646330653062343035663339383732393230633736623335656365
37383464643638303538363639353937323665646232376562316165386335346338303239616533
32306236666536633561343364396638303339366133383566643039323066636265316165343361
31616235643863616436353561313538653736393663303538643463336631373663393461366661
37616237343663306562613164663538306439383062373930346662626238383865343033643437
66323962306566613433366138363366316536336566323435373462373766333962376536313936
32373431623565333562653232646663316334386337313664313137616533666663373664376563
32633932333861396636653464653263643430356561306464616163333961363763383332356637
39333831343036393937616639653765303037336134613439646563663464306663643231376537
31613434626333346535356630353036336133333138383564383834316439303565376434613730
64353537303530343037393164663462306661663235356636366630623165663134633864373835
61386161376465656538353939336538613630633463313631343039656134393330663036363565
32316631336665336563
